\xF0\x9F\x98\x81 0 0 0 0 0 7
\xF0\x9F\x98\x82 0 1 1 0 1 1
\xF0\x9F\x98\x83 0 0 0 0 2 3
\xF0\x9F\x98\x84 0 0 0 0 3 7
\xF0\x9F\x98\x85 0 0 0 0 4 5
\xF0\x9F\x98\x86 0 1 1 0 5 7
\xF0\x9F\x98\x89 0 0 0 0 6 3
\xF0\x9F\x98\x8A 0 1 1 0 7 5
\xF0\x9F\x98\x8B 0 1 1 0 8 3
\xF0\x9F\x98\x8C 0 0 0 0 9 7
\xF0\x9F\x98\x8D 0 2 2 0 10 4
\xF0\x9F\x98\x98 0 2 2 0 11 4
\xF0\x9F\x98\x9A 0 2 2 0 12 7
\xF0\x9F\x98\x9C 0 0 0 0 13 3
\xF0\x9F\x98\x9D 0 0 0 0 14 7
\xF0\x9F\x98\xB9 0 1 1 0 15 7
\xF0\x9F\x98\xBA 0 1 1 0 16 7
\xF0\x9F\x98\xBB 0 2 2 0 17 7
\xF0\x9F\x98\xBD 0 2 2 0 18 7
\xF0\x9F\x98\x92 1 3 3 1 19 2
\xF0\x9F\x98\x93 1 3 3 1 20 9
\xF0\x9F\x98\x94 1 3 3 1 21 8
\xF0\x9F\x98\x96 1 3 3 1 22 9
\xF0\x9F\x98\x9E 1 3 3 1 23 9
\xF0\x9F\x98\xA0 1 4 3 1 24 9
\xF0\x9F\x98\xA1 1 4 3 1 25 9
\xF0\x9F\x98\xA2 1 5 3 1 26 9
\xF0\x9F\x98\xA3 1 3 3 1 27 9
\xF0\x9F\x98\xA5 1 3 3 1 28 9
\xF0\x9F\x98\xA8 1 6 3 1 29 9
\xF0\x9F\x98\xA9 1 3 3 1 30 8
\xF0\x9F\x98\xAB 1 3 3 1 31 9
\xF0\x9F\x98\xAD 1 5 3 1 32 6
\xF0\x9F\x98\xB0 1 6 3 1 33 9
\xF0\x9F\x98\xB1 1 6 3 1 34 9
\xF0\x9F\x98\xB2 1 3 3 1 35 9
\xF0\x9F\x98\xBE 1 4 3 1 36 9
:) 2 0 0 0 37 0
:( 3 3 3 1 38 2
:-) 2 0 0 0 39 7
:D 2 1 1 0 40 3
=) 2 0 0 0 41 7
xD 2 1 1 0 42 7
XD 2 1 1 0 43 7
D: 3 1 1 0 44 8
=( 3 3 3 0 45 9
:C 3 3 3 1 46 9
:-C 3 3 3 1 47 9
:L 3 3 3 1 48 9
:-L 3 3 3 1 49 9
(: 2 0 0 0 50 7